Selection	View	Channel	Begin Time (s)	End Time (s)	Low Freq (Hz)	High Freq (Hz)	File Offset (s)	Begin File	Call Type	Call ID	Before Noise (s)	After Noise (s)	Notes
1	1	1	231.651000000	232.158000000	11.8	25.6		NOPP6_EST_20090415_070000.aif	f20p		8.0	2.6	
2	1	1	246.759000000	247.603000000	15.4	23.7		NOPP6_EST_20090415_070000.aif	f20p		4.52	2.66	
3	1	1	261.993500000	262.917500000	16.2	22.7		NOPP6_EST_20090415_070000.aif	f20p		4.49	2.92	
4	1	1	531.310000000	531.747000000	10.0	29.7		NOPP6_EST_20090415_070000.aif	f20p		8.0	2.63	
5	1	1	546.718500000	547.218500000	10.0	28.0		NOPP6_EST_20090415_070000.aif	f20p		5.07	2.61	
6	1	1	561.986000000	562.487500000	10.0	27.9		NOPP6_EST_20090415_070000.aif	f20p		4.86	1.81	
7	1	1	577.282000000	577.830000000	10.0	27.4		NOPP6_EST_20090415_070000.aif	f20p		4.1	2.41	
8	1	1	592.612500000	593.263000000	15.4	26.1		NOPP6_EST_20090415_070000.aif	f20p		4.71	2.25	
9	1	1	607.890500000	608.548000000	15.2	25.9		NOPP6_EST_20090415_070000.aif	f20p		5.0	2.3	
10	1	1	639.359500000	639.773000000	10.0	26.6		NOPP6_EST_20090415_070000.aif	f20p		8.0	2.7	
11	1	1	654.156500000	654.552500000	10.0	27.8		NOPP6_EST_20090415_070000.aif	f20p		5.16	2.73	
12	1	1	686.469500000	686.973000000	10.0	25.8		NOPP6_EST_20090415_070000.aif	f20p		8.0	2.67	
13	1	1	701.494000000	701.919500000	10.0	28.2		NOPP6_EST_20090415_070000.aif	f20p		4.68	1.53	
14	1	1	707.581000000	708.271000000	14.5	24.6		NOPP6_EST_20090415_070000.aif	f20p		1.51	2.63	
15	1	1	716.180500000	716.634000000	10.0	26.5		NOPP6_EST_20090415_070000.aif	f20p		2.62	2.2	
16	1	1	731.354000000	731.823500000	10.0	27.7		NOPP6_EST_20090415_070000.aif	f20p		5.27	1.65	
17	1	1	737.498500000	738.392500000	15.7	23.5		NOPP6_EST_20090415_070000.aif	f20p		1.62	1.91	
18	1	1	746.456000000	746.920500000	10.0	25.8		NOPP6_EST_20090415_070000.aif	f20p		1.91	2.04	
19	1	1	767.664000000	768.583000000	16.3	22.9		NOPP6_EST_20090415_070000.aif	f20p		6.39	2.49	
20	1	1	783.183000000	784.100500000	15.3	22.9		NOPP6_EST_20090415_070000.aif	f20p		4.42	3.24	
21	1	1	798.248000000	799.162000000	15.3	23.0		NOPP6_EST_20090415_070000.aif	f20p		5.25	2.25	
22	1	1	813.580500000	814.738000000	15.6	22.5		NOPP6_EST_20090415_070000.aif	f20p		4.73	2.33	
23	1	1	829.102500000	830.116000000	15.8	22.7		NOPP6_EST_20090415_070000.aif	f20p		4.91	2.5	
24	1	1	859.470000000	860.523000000	15.6	22.5		NOPP6_EST_20090415_070000.aif	f20p		8.0	2.9	
25	1	1	874.772000000	875.838500000	15.6	22.5		NOPP6_EST_20090415_070000.aif	f20p		5.25	2.21	
26	1	2	230.380000000	231.060000000	13.2	23.5		NOPP6_EST_20090415_070000.aif	f20p		8.0	2.79	
27	1	2	245.612000000	246.403500000	15.2	24.0		NOPP6_EST_20090415_070000.aif	f20p		5.09	2.14	
28	1	2	260.817000000	261.647000000	15.7	24.1		NOPP6_EST_20090415_070000.aif	f20p		4.28	2.29	
29	1	2	634.224500000	634.600500000	10.0	29.3		NOPP6_EST_20090415_070000.aif	f20p		8.0	2.28	
30	1	2	681.360500000	681.695500000	10.0	29.9		NOPP6_EST_20090415_070000.aif	f20p		8.0	2.19	
31	1	2	696.368500000	696.699500000	10.0	30.2		NOPP6_EST_20090415_070000.aif	f20p		4.56	2.39	
32	1	2	711.039000000	711.401500000	10.0	30.3		NOPP6_EST_20090415_070000.aif	f20p		4.31	2.34	
33	1	2	723.837500000	724.267500000	10.0	27.9		NOPP6_EST_20090415_070000.aif	f20p		3.77	0.67	
34	1	2	726.256500000	726.579500000	10.0	31.0		NOPP6_EST_20090415_070000.aif	f20p		0.67	2.86	
35	1	2	739.145500000	739.717500000	10.0	26.2		NOPP6_EST_20090415_070000.aif	f20p		4.34	2.6	
36	1	2	754.337000000	754.858000000	10.0	26.9		NOPP6_EST_20090415_070000.aif	f20p		4.55	2.43	
37	1	2	769.351000000	769.819000000	10.0	27.8		NOPP6_EST_20090415_070000.aif	f20p		4.63	2.18	
38	1	3	3.348500000	3.577500000	        10.0	30.6		NOPP6_EST_20090415_070000.aif	f20p		1.03	2.31	
39	1	3	67.972000000	68.350000000	10.0	23.8		NOPP6_EST_20090415_070000.aif	f20p		8.0	1.41	
40	1	3	107.745500000	108.100000000	10.0	25.4		NOPP6_EST_20090415_070000.aif	f20p		6.18	1.08	
41	1	3	125.989000000	126.431500000	10.0	22.6		NOPP6_EST_20090415_070000.aif	f20p		2.93	0.1	
42	1	3	127.736000000	127.987500000	10.0	27.8		NOPP6_EST_20090415_070000.aif	f20p		0.1	0.69	
43	1	3	133.493500000	134.664000000	11.7	18.6		NOPP6_EST_20090415_070000.aif	f20p		0.69	1.38	
44	1	3	144.717500000	145.175000000	10.0	21.9		NOPP6_EST_20090415_070000.aif	f20p		1.46	0.63	
45	1	3	150.204000000	150.454000000	10.0	28.0		NOPP6_EST_20090415_070000.aif	f20p		0.65	1.43	
46	1	3	174.610500000	174.934000000	10.0	27.8		NOPP6_EST_20090415_070000.aif	f20p		5.29	1.87	
47	1	3	207.692000000	207.916000000	10.0	31.2		NOPP6_EST_20090415_070000.aif	f20p		8.0	2.3	
48	1	3	241.848000000	242.064500000	10.0	32.3		NOPP6_EST_20090415_070000.aif	f20p		7.26	2.44	
49	1	3	318.661000000	319.125000000	10.0	21.6		NOPP6_EST_20090415_070000.aif	f20p		8.0	1.2	
50	1	3	693.629000000	693.964000000	10.0	29.9		NOPP6_EST_20090415_070000.aif	f20p		8.0	4.34	
51	1	5	247.820500000	248.433000000	14.7	24.5		NOPP6_EST_20090415_070000.aif	f20p		8.0	2.99	
52	1	5	263.094500000	263.531500000	10.0	27.5		NOPP6_EST_20090415_070000.aif	f20p		5.85	1.87	
53	1	5	284.451000000	284.925500000	12.6	35.0		NOPP6_EST_20090415_070000.aif	f20p		5.93	3.02	
54	1	5	527.123000000	527.472000000	10.0	28.7		NOPP6_EST_20090415_070000.aif	f20p		8.0	2.57	
55	1	5	542.389000000	542.994500000	13.2	24.8		NOPP6_EST_20090415_070000.aif	f20p		4.99	2.34	
56	1	5	557.708500000	558.199500000	10.0	26.5		NOPP6_EST_20090415_070000.aif	f20p		4.39	1.75	
57	1	5	572.974500000	573.459000000	10.0	26.8		NOPP6_EST_20090415_070000.aif	f20p		3.78	2.02	
58	1	5	588.610000000	588.869500000	10.0	34.7		NOPP6_EST_20090415_070000.aif	f20p		3.91	2.32	
59	1	5	703.343000000	703.805000000	13.0	28.1		NOPP6_EST_20090415_070000.aif	f20p		8.0	2.86	
60	1	5	718.016500000	718.544500000	10.0	26.5		NOPP6_EST_20090415_070000.aif	f20p		5.16	3.41	
61	1	5	733.318000000	734.017000000	14.3	24.3		NOPP6_EST_20090415_070000.aif	f20p		5.31	3.23	
62	1	5	748.536500000	749.282500000	14.7	24.1		NOPP6_EST_20090415_070000.aif	f20p		5.52	2.69	
63	1	5	763.472000000	764.274500000	15.0	23.7		NOPP6_EST_20090415_070000.aif	f20p		4.97	2.21	
64	1	5	772.867000000	773.119500000	10.0	31.7		NOPP6_EST_20090415_070000.aif	f20p		2.33	1.83	
65	1	5	779.227000000	779.674000000	10.0	26.8		NOPP6_EST_20090415_070000.aif	f20p		1.83	2.86	
66	1	5	794.433000000	794.686000000	10.0	35.0		NOPP6_EST_20090415_070000.aif	f20p		5.0	2.52	
67	1	5	824.998000000	825.519000000	10.0	26.9		NOPP6_EST_20090415_070000.aif	f20p		8.0	2.46	
68	1	5	840.093500000	840.790500000	14.3	34.4		NOPP6_EST_20090415_070000.aif	f20p		5.41	2.04	
69	1	5	855.362000000	856.241500000	15.9	23.9		NOPP6_EST_20090415_070000.aif	f20p		4.49	3.44	
70	1	5	870.892000000	871.342500000	10.0	26.6		NOPP6_EST_20090415_070000.aif	f20p		5.73	2.26	
71	1	6	178.016500000	178.249500000	10.0	35.0		NOPP6_EST_20090415_070000.aif	f20p		8.0	2.57	
72	1	6	249.744000000	249.954000000	10.0	33.3		NOPP6_EST_20090415_070000.aif	f20p		8.0	1.96	
73	1	6	261.771500000	262.098500000	10.0	30.6		NOPP6_EST_20090415_070000.aif	f20p		2.88	2.97	
74	1	7	77.142500000	77.375500000	10.0	35.0		NOPP6_EST_20090415_070000.aif	f20p		8.0	2.27	
75	1	7	91.652000000	92.009000000	10.0	33.6		NOPP6_EST_20090415_070000.aif	f20p		4.33	2.54	
76	1	7	196.213500000	196.430000000	10.0	35.0		NOPP6_EST_20090415_070000.aif	f20p		8.0	2.51	
77	1	7	286.972500000	287.674000000	15.7	25.7		NOPP6_EST_20090415_070000.aif	f20p		8.0	2.87	
78	1	7	520.769500000	521.043000000	10.0	35.0		NOPP6_EST_20090415_070000.aif	f20p		8.0	2.54	
79	1	7	529.300000000	530.296000000	16.1	23.1		NOPP6_EST_20090415_070000.aif	f20p		2.62	2.78	
80	1	7	705.768500000	706.620500000	16.4	24.6		NOPP6_EST_20090415_070000.aif	f20p		8.0	2.72	
81	1	7	720.493000000	721.331500000	16.7	25.0		NOPP6_EST_20090415_070000.aif	f20p		4.46	3.26	
82	1	7	735.831500000	736.647000000	15.9	24.5		NOPP6_EST_20090415_070000.aif	f20p		5.05	2.51	
83	1	7	751.057500000	751.864500000	16.1	24.8		NOPP6_EST_20090415_070000.aif	f20p		4.8	2.76	
84	1	7	765.997000000	766.560500000	14.2	26.6		NOPP6_EST_20090415_070000.aif	f20p		4.82	2.56	
85	1	7	781.566000000	782.046000000	10.0	27.1		NOPP6_EST_20090415_070000.aif	f20p		4.93	2.72	
86	1	7	796.593000000	797.251000000	15.2	25.8		NOPP6_EST_20090415_070000.aif	f20p		4.9	2.61	
87	1	7	811.957500000	812.577000000	14.5	25.8		NOPP6_EST_20090415_070000.aif	f20p		5.01	2.43	
88	1	7	827.396500000	828.118000000	16.6	26.3		NOPP6_EST_20090415_070000.aif	f20p		4.4	2.59	
89	1	7	842.538000000	843.217000000	16.2	26.5		NOPP6_EST_20090415_070000.aif	f20p		4.4	2.65	
90	1	7	857.868500000	858.552500000	16.1	26.3		NOPP6_EST_20090415_070000.aif	f20p		4.25	2.53	
91	1	7	873.253000000	873.700500000	11.2	29.1		NOPP6_EST_20090415_070000.aif	f20p		4.53	2.48	
92	1	8	72.748000000	72.955000000	10.0	35.0		NOPP6_EST_20090415_070000.aif	f20p		8.0	2.33	
93	1	8	191.022000000	191.409000000	10.0	28.4		NOPP6_EST_20090415_070000.aif	f20p		8.0	2.5	
94	1	8	267.113500000	267.766000000	13.8	24.5		NOPP6_EST_20090415_070000.aif	f20p		8.0	2.74	
95	1	8	359.486500000	359.946000000	10.0	26.1		NOPP6_EST_20090415_070000.aif	f20p		8.0	2.88	
96	1	8	380.744500000	380.946500000	10.0	35.0		NOPP6_EST_20090415_070000.aif	f20p		7.11	2.69	
97	1	8	509.460000000	510.178500000	13.9	23.7		NOPP6_EST_20090415_070000.aif	f20p		8.0	1.39	
98	1	8	515.560000000	515.880500000	10.0	34.3		NOPP6_EST_20090415_070000.aif	f20p		1.42	2.84	
99	1	8	524.744500000	525.685000000	15.9	23.4		NOPP6_EST_20090415_070000.aif	f20p		3.0	2.51	
100	1	8	541.975500000	542.429000000	10.0	26.5		NOPP6_EST_20090415_070000.aif	f20p		4.21	2.25	
101	1	8	556.968500000	557.725500000	14.5	23.8		NOPP6_EST_20090415_070000.aif	f20p		3.92	1.5	
102	1	8	572.573500000	573.107000000	10.0	26.2		NOPP6_EST_20090415_070000.aif	f20p		3.17	3.06	
103	1	8	586.216000000	587.325000000	16.6	23.4		NOPP6_EST_20090415_070000.aif	f20p		4.94	0.1	
104	1	8	587.658500000	588.523000000	15.0	23.1		NOPP6_EST_20090415_070000.aif	f20p		0.1	2.21	
105	1	8	599.913500000	600.157000000	10.0	35.0		NOPP6_EST_20090415_070000.aif	f20p		3.09	1.5	
106	1	8	617.968000000	618.622000000	13.8	24.5		NOPP6_EST_20090415_070000.aif	f20p		4.59	2.99	
107	1	8	686.575000000	687.159500000	10.0	25.7		NOPP6_EST_20090415_070000.aif	f20p		8.0	2.72	
108	1	8	701.528000000	702.492500000	16.6	22.8		NOPP6_EST_20090415_070000.aif	f20p		5.2	2.13	
109	1	8	716.207500000	717.152500000	15.9	23.3		NOPP6_EST_20090415_070000.aif	f20p		4.49	1.98	
110	1	8	731.390000000	732.549000000	16.6	23.4		NOPP6_EST_20090415_070000.aif	f20p		5.23	2.12	
111	1	8	746.696500000	747.819500000	16.6	23.4		NOPP6_EST_20090415_070000.aif	f20p		4.26	2.48	
112	1	8	777.390500000	777.745000000	10.0	31.0		NOPP6_EST_20090415_070000.aif	f20p		8.0	2.19	
113	1	8	792.518000000	792.990500000	12.7	27.5		NOPP6_EST_20090415_070000.aif	f20p		4.43	2.86	
114	1	8	807.928000000	809.059000000	15.6	22.5		NOPP6_EST_20090415_070000.aif	f20p		5.32	2.83	
115	1	8	869.149000000	870.063000000	15.3	23.0		NOPP6_EST_20090415_070000.aif	f20p		8.0	2.98	
116	1	9	182.623000000	182.930000000	10.0	35.0		NOPP6_EST_20090415_070000.aif	f20p		8.0	3.36	
117	1	9	287.001000000	287.597000000	13.4	25.2		NOPP6_EST_20090415_070000.aif	f20p		8.0	2.48	
118	1	9	529.757000000	530.344000000	13.6	25.6		NOPP6_EST_20090415_070000.aif	f20p		8.0	2.46	
119	1	9	545.123000000	545.857000000	15.0	24.5		NOPP6_EST_20090415_070000.aif	f20p		5.26	2.97	
120	1	9	560.456500000	561.240500000	15.3	24.2		NOPP6_EST_20090415_070000.aif	f20p		5.66	2.45	
121	1	9	575.735500000	576.478000000	14.8	24.2		NOPP6_EST_20090415_070000.aif	f20p		4.81	2.73	
122	1	9	591.127000000	591.875500000	16.0	25.4		NOPP6_EST_20090415_070000.aif	f20p		4.68	2.17	
123	1	9	606.460000000	607.218500000	15.8	25.0		NOPP6_EST_20090415_070000.aif	f20p		4.42	2.36	
124	1	9	679.379000000	679.603500000	10.0	35.0		NOPP6_EST_20090415_070000.aif	f20p		8.0	2.87	
125	1	9	706.660500000	707.075500000	10.0	28.9		NOPP6_EST_20090415_070000.aif	f20p		8.0	2.64	
126	1	9	721.380000000	721.932500000	10.0	25.3		NOPP6_EST_20090415_070000.aif	f20p		4.81	2.86	
127	1	9	736.596500000	737.220500000	14.4	25.6		NOPP6_EST_20090415_070000.aif	f20p		4.91	2.11	
128	1	9	751.893000000	752.545500000	13.8	24.5		NOPP6_EST_20090415_070000.aif	f20p		4.39	2.67	
129	1	9	766.740000000	767.571500000	15.6	24.1		NOPP6_EST_20090415_070000.aif	f20p		4.89	2.39	
130	1	9	782.307000000	782.940000000	14.2	25.3		NOPP6_EST_20090415_070000.aif	f20p		4.33	2.26	
131	1	9	797.425000000	798.179500000	15.9	23.9		NOPP6_EST_20090415_070000.aif	f20p		5.0	2.79	
132	1	9	812.798500000	813.624000000	15.7	24.2		NOPP6_EST_20090415_070000.aif	f20p		5.07	2.77	
133	1	9	828.340500000	829.012000000	14.9	25.3		NOPP6_EST_20090415_070000.aif	f20p		5.29	2.47	
134	1	9	843.416500000	844.210000000	15.1	23.9		NOPP6_EST_20090415_070000.aif	f20p		5.42	2.35	
135	1	9	858.777500000	859.458500000	14.7	25.0		NOPP6_EST_20090415_070000.aif	f20p		4.38	3.03	
136	1	9	874.165500000	874.687500000	10.0	26.8		NOPP6_EST_20090415_070000.aif	f20p		5.37	2.9	
137	1	10	77.587500000	77.980500000	15.3	33.1		NOPP6_EST_20090415_070000.aif	f20p		8.0	1.94	
138	1	10	287.423000000	288.181000000	15.8	23.7		NOPP6_EST_20090415_070000.aif	f20p		8.0	3.22	
139	1	10	390.904000000	391.105000000	10.0	35.0		NOPP6_EST_20090415_070000.aif	f20p		8.0	2.5	
140	1	10	447.372000000	447.708500000	10.0	26.7		NOPP6_EST_20090415_070000.aif	f20p		8.0	1.91	
141	1	10	520.387000000	520.610500000	10.0	35.0		NOPP6_EST_20090415_070000.aif	f20p		8.0	2.53	
142	1	10	529.966500000	530.720000000	15.9	23.9		NOPP6_EST_20090415_070000.aif	f20p		2.98	3.07	
143	1	10	545.401500000	546.131500000	15.1	24.7		NOPP6_EST_20090415_070000.aif	f20p		5.02	2.49	
144	1	10	560.671500000	561.501500000	15.7	24.1		NOPP6_EST_20090415_070000.aif	f20p		5.1	1.96	
145	1	10	575.954000000	576.774000000	15.9	24.4		NOPP6_EST_20090415_070000.aif	f20p		4.06	2.68	
146	1	10	591.345000000	592.202500000	16.3	24.5		NOPP6_EST_20090415_070000.aif	f20p		5.73	2.52	
147	1	10	606.662000000	607.473500000	16.0	24.6		NOPP6_EST_20090415_070000.aif	f20p		4.52	2.68	
148	1	10	623.141500000	623.613500000	12.7	27.5		NOPP6_EST_20090415_070000.aif	f20p		5.44	2.86	
149	1	10	706.631500000	707.411000000	15.4	24.4		NOPP6_EST_20090415_070000.aif	f20p		8.0	2.84	
150	1	10	721.376000000	722.198500000	15.8	24.3		NOPP6_EST_20090415_070000.aif	f20p		3.99	2.24	
151	1	10	736.741000000	737.386000000	15.5	24.8		NOPP6_EST_20090415_070000.aif	f20p		4.22	2.77	
152	1	10	751.996500000	752.766500000	15.6	24.7		NOPP6_EST_20090415_070000.aif	f20p		4.74	1.72	
153	1	10	766.919000000	767.686500000	15.6	24.8		NOPP6_EST_20090415_070000.aif	f20p		3.86	2.51	
154	1	10	782.488500000	782.890000000	10.0	29.9		NOPP6_EST_20090415_070000.aif	f20p		4.87	1.8	
155	1	10	797.614000000	798.085500000	10.0	27.6		NOPP6_EST_20090415_070000.aif	f20p		3.5	2.14	
156	1	10	812.939500000	813.470000000	10.0	26.4		NOPP6_EST_20090415_070000.aif	f20p		4.47	2.53	
157	1	10	828.462000000	828.979000000	10.0	27.1		NOPP6_EST_20090415_070000.aif	f20p		4.76	2.17	
158	1	10	843.589500000	844.429000000	15.5	23.8		NOPP6_EST_20090415_070000.aif	f20p		4.18	2.37	
159	1	10	858.872500000	859.612000000	14.9	24.3		NOPP6_EST_20090415_070000.aif	f20p		3.82	1.92	
160	1	10	874.255500000	874.897500000	14.0	24.9		NOPP6_EST_20090415_070000.aif	f20p		4.2	2.06	
